1056.0
1580.0
796.0
468.0
468.0
1704.0
620.0
1204.0
572.0
1052.0
1552.0
516.0
1112.0
1112.0
1404.0
1532.0
916.0
928.0
1732.0
1080.0
964.0
1152.0
528.0
380.0
376.0
1496.0
880.0
1728.0
508.0
508.0
2684.0
1012.0
1544.0
340.0
2716.0
932.0
356.0
1220.0
476.0
476.0
936.0
4516.0
4836.0
356.0
356.0
356.0
1368.0
1076.0
428.0
1656.0
960.0
920.0
476.0
1148.0
876.0
1680.0
1068.0
1740.0
600.0
1004.0
2048.0
688.0
500.0
504.0
608.0
556.0
560.0
672.0
676.0
968.0
328.0
324.0
356.0
356.0
356.0
3352.0
3676.0
524.0
788.0
784.0
1348.0
1016.0
660.0
664.0
1660.0
428.0
436.0
816.0
820.0
1692.0
1176.0
800.0
1280.0
2044.0
1636.0
460.0
328.0
328.0
328.0
2400.0
2084.0
776.0
532.0
1336.0
3888.0
960.0
680.0
1316.0
444.0
440.0
944.0
848.0
660.0
4960.0
880.0
1540.0
956.0
368.0
2584.0
1380.0
920.0
384.0
380.0
604.0
552.0
604.0
524.0
1088.0
424.0
912.0
784.0
764.0
384.0
404.0
864.0
388.0
408.0
576.0
600.0
776.0
1108.0
2100.0
3632.0
500.0
508.0
1020.0
2780.0
524.0
520.0
344.0
348.0
340.0
356.0
352.0
352.0
1268.0
764.0
992.0
460.0
460.0
2052.0
612.0
3360.0
640.0
536.0
528.0
992.0
480.0
480.0
3364.0
720.0
1768.0
1200.0
1204.0
548.0
576.0
748.0
748.0
1620.0
1168.0
388.0
388.0
1676.0
1160.0
1232.0
852.0
420.0
416.0
388.0
388.0
388.0
1056.0
804.0
1660.0
1056.0
2788.0
972.0
3024.0
1236.0
356.0
344.0
1804.0
1164.0
716.0
712.0
940.0
1792.0
400.0
396.0
1196.0
404.0
404.0
416.0
416.0
596.0
600.0
2072.0
508.0
508.0
628.0
680.0
680.0
568.0
1384.0
824.0
872.0
1904.0
868.0
2316.0
428.0
424.0
640.0
376.0
364.0
364.0
1396.0
1612.0
1776.0
1288.0
668.0
1148.0
608.0
1080.0
480.0
452.0
820.0
1892.0
568.0
1672.0
712.0
2080.0
1172.0
564.0
904.0
852.0
344.0
1720.0
948.0
1132.0
928.0
1700.0
564.0
1176.0
984.0
540.0
500.0
512.0
448.0
576.0
1344.0
1208.0
596.0
2268.0
1140.0
2400.0
1484.0
1148.0
504.0
400.0
2260.0
440.0
2268.0
652.0
424.0
424.0
1076.0
1400.0
436.0
1124.0
504.0
516.0
496.0
492.0
1340.0
772.0
624.0
820.0
844.0
1448.0
1448.0
892.0
1576.0
572.0
568.0
340.0
340.0
1040.0
536.0
540.0
2080.0
804.0
356.0
364.0
328.0
340.0
332.0
632.0
624.0
740.0
472.0
468.0
768.0
772.0
448.0
864.0
864.0
456.0
808.0
444.0
444.0
424.0
424.0
428.0
712.0
1792.0
344.0
552.0
556.0
396.0
396.0
1740.0
456.0
456.0
452.0
1520.0
832.0
1604.0
808.0
1260.0
544.0
2064.0
1992.0
1300.0
1820.0
1164.0
1064.0
1332.0
2636.0
1336.0
568.0
568.0
1212.0
1252.0
328.0
324.0
324.0
456.0
456.0
452.0
2076.0
744.0
740.0
616.0
616.0
588.0
596.0
1120.0
1080.0
584.0
692.0
648.0
648.0
1604.0
760.0
752.0
328.0
324.0
1332.0
400.0
476.0
476.0
2224.0
856.0
636.0
632.0
1152.0
1052.0
1848.0
2308.0
1388.0
356.0
356.0
1832.0
360.0
356.0
356.0
1192.0
896.0
3656.0
3272.0
532.0
332.0
328.0
328.0
668.0
672.0
348.0
348.0
804.0
588.0
592.0
2104.0
348.0
348.0
3216.0
548.0
548.0
356.0
356.0
1444.0
1028.0
792.0
2028.0
1092.0
488.0
1540.0
1340.0
532.0
532.0
1444.0
428.0
432.0
428.0
384.0
384.0
384.0
1208.0
584.0
1044.0
376.0
376.0
380.0
1608.0
1944.0
636.0
640.0
680.0
1624.0
1088.0
556.0
1240.0
524.0
528.0
528.0
896.0
1004.0
900.0
1724.0
1084.0
644.0
640.0
504.0
504.0
528.0
528.0
440.0
440.0
384.0
388.0
380.0
380.0
380.0
608.0
608.0
560.0
2444.0
2796.0
620.0
380.0
376.0
376.0
508.0
508.0
676.0
396.0
400.0
396.0
1532.0
496.0
708.0
1112.0
544.0
536.0
940.0
892.0
1008.0
1264.0
976.0
416.0
416.0
324.0
324.0
1776.0
972.0
1208.0
1752.0
328.0
1600.0
360.0
928.0
1304.0
392.0
396.0
1456.0
1556.0
568.0
1348.0
760.0
1436.0
408.0
820.0
820.0
756.0
832.0
1040.0
1688.0
1876.0
3152.0
1004.0
808.0
1096.0
460.0
460.0
716.0
748.0
744.0
1320.0
1588.0
592.0
784.0
1464.0
508.0
436.0
436.0
440.0
632.0
588.0
588.0
1520.0
384.0
616.0
616.0
352.0
352.0
1064.0
1632.0
1256.0
676.0
676.0
2568.0
1152.0
2116.0
836.0
1180.0
404.0
644.0
640.0
800.0
1032.0
1460.0
1268.0
688.0
684.0
1812.0
1732.0
864.0
1656.0
864.0
1984.0
332.0
804.0
808.0
1080.0
2128.0
2496.0
420.0
420.0
5620.0
1364.0
760.0
660.0
836.0
748.0
676.0
508.0
508.0
1188.0
1740.0
820.0
1448.0
832.0
2064.0
1228.0
752.0
732.0
616.0
388.0
400.0
1104.0
1224.0
1224.0
856.0
936.0
416.0
496.0
464.0
424.0
332.0
344.0
920.0
556.0
548.0
780.0
692.0
544.0
328.0
320.0
324.0
1416.0
440.0
564.0
560.0
1160.0
1056.0
1012.0
1136.0
1000.0
504.0
2208.0
1976.0
340.0
340.0
840.0
492.0
484.0
1468.0
560.0
944.0
364.0
364.0
364.0
2108.0
748.0
5176.0
860.0
592.0
432.0
432.0
428.0
1144.0
1236.0
752.0
2720.0
436.0
440.0
420.0
432.0
2020.0
416.0
444.0
688.0
692.0
1624.0
972.0
2416.0
2140.0
1136.0
1452.0
680.0
504.0
476.0
908.0
944.0
444.0
444.0
1120.0
756.0
464.0
460.0
3576.0
408.0
580.0
580.0
676.0
572.0
572.0
1524.0
840.0
340.0
344.0
480.0
484.0
664.0
660.0
1320.0
772.0
772.0
1196.0
644.0
5380.0
736.0
736.0
448.0
444.0
1504.0
320.0
1008.0
2040.0
1408.0
784.0
372.0
372.0
372.0
368.0
1400.0
400.0
416.0
420.0
420.0
952.0
1116.0
2348.0
1724.0
1300.0
644.0
644.0
1012.0
544.0
544.0
1536.0
868.0
864.0
1600.0
380.0
384.0
2888.0
1260.0
736.0
1400.0
3500.0
884.0
668.0
668.0
424.0
336.0
336.0
336.0
1240.0
436.0
436.0
1664.0
1232.0
3860.0
516.0
516.0
1076.0
376.0
368.0
520.0
524.0
1836.0
604.0
604.0
1212.0
720.0
828.0
1416.0
496.0
1284.0
684.0
724.0
716.0
336.0
336.0
640.0
640.0
996.0
1160.0
540.0
2040.0
3692.0
772.0
484.0
488.0
1448.0
352.0
352.0
1144.0
356.0
356.0
904.0
2032.0
1292.0
1268.0
1652.0
1220.0
348.0
1204.0
524.0
524.0
1116.0
688.0
408.0
408.0
1464.0
556.0
456.0
456.0
1880.0
824.0
820.0
1212.0
3328.0
560.0
556.0
1352.0
428.0
484.0
484.0
2388.0
1384.0
360.0
372.0
536.0
540.0
744.0
732.0
2952.0
1228.0
1284.0
692.0
688.0
628.0
4396.0
3168.0
628.0
628.0
480.0
480.0
324.0
324.0
1104.0
400.0
396.0
3244.0
3952.0
2452.0
636.0
628.0
832.0
332.0
332.0
332.0
2460.0
352.0
2076.0
2084.0
448.0
448.0
496.0
496.0
560.0
560.0
2072.0
1388.0
388.0
388.0
384.0
1608.0
440.0
2936.0
1128.0
380.0
380.0
568.0
568.0
1044.0
472.0
472.0
1008.0
1008.0
1520.0
1148.0
2124.0
1820.0
960.0
340.0
340.0
340.0
436.0
432.0
528.0
532.0
368.0
372.0
960.0
856.0
848.0
436.0
376.0
376.0
376.0
628.0
468.0
468.0
468.0
616.0
608.0
608.0
640.0
640.0
1092.0
896.0
828.0
1640.0
1360.0
644.0
676.0
676.0
424.0
772.0
772.0
1304.0
436.0
432.0
436.0
1324.0
1340.0
2364.0
788.0
1180.0
620.0
1496.0
492.0
344.0
344.0
344.0
2484.0
2936.0
3220.0
872.0
920.0
928.0
1508.0
568.0
1928.0
472.0
488.0
932.0
936.0
552.0
648.0
332.0
332.0
332.0
508.0
508.0
336.0
336.0
336.0
424.0
424.0
728.0
724.0
700.0
3096.0
1620.0
452.0
448.0
1208.0
2032.0
1488.0
1456.0
524.0
468.0
468.0
464.0
876.0
888.0
524.0
